73
16
10 4 4 10 1 1 0 0 0 0 0 0 0 0 30 30 1
10 4 4 10 1 1 0 0 0 0 1 2 0 0 31 31 1
10 4 4 10 1 1 0 0 0 0 0 3 0 0 33 33 1
10 4 4 10 1 1 0 0 0 0 1 4 0 1 33 33 1
10 4 4 10 1 1 0 0 0 0 2 4 0 0 37 37 1
9 4 4 10 1 1 0 0 0 0 2 4 1 0 38 38 1
9 4 4 9 1 1 0 0 0 0 1 5 1 1 33 33 1
10 4 4 10 1 1 0 0 0 0 0 0 0 0 30 30 1
10 4 4 10 1 1 0 0 0 0 1 2 0 0 31 31 1
10 4 4 10 1 1 0 0 0 0 0 3 0 0 33 33 1
10 4 4 10 1 1 0 0 0 0 1 4 0 1 33 33 1
10 4 4 10 1 1 0 0 0 0 2 4 0 0 37 37 1
9 4 4 10 1 1 0 0 0 0 2 4 1 0 38 38 1
9 4 4 9 1 1 0 0 0 0 1 5 1 1 33 33 1
10 4 4 10 1 1 0 0 0 0 0 0 0 0 30 30 1
10 4 4 10 1 1 0 0 0 0 2 0 0 0 45 45 1
10 4 4 9 1 1 0 0 0 0 3 0 1 0 43 43 1
10 4 4 8 1 1 0 0 0 0 3 0 1 0 45 45 1
10 4 4 8 1 1 0 0 0 0 3 0 1 0 46 46 1
10 4 4 8 1 1 0 0 0 0 4 0 1 0 48 48 1
10 4 4 8 1 1 0 0 0 0 4 0 1 0 52 52 1
10 4 4 8 1 1 0 0 0 0 4 0 1 0 50 50 1
10 4 4 8 1 1 0 0 0 0 4 1 0 1 47 47 1
10 3 4 8 1 1 0 0 0 0 2 0 0 0 50 50 1
10 3 4 8 1 1 0 0 0 0 4 0 0 0 48 48 1
10 3 4 8 1 1 0 0 0 0 4 0 0 0 50 50 1
10 3 4 8 1 1 0 0 0 0 4 1 1 0 52 52 1
10 3 4 8 1 1 0 0 0 0 4 1 1 1 53 53 1
10 3 4 8 1 1 0 0 0 0 3 3 1 0 52 52 1
10 4 4 10 1 1 0 0 0 0 0 0 0 0 30 30 1
10 4 4 10 1 1 0 0 0 0 1 2 0 0 31 31 1
10 4 4 10 1 1 0 0 0 0 0 3 0 0 33 33 1
10 4 4 10 1 1 0 0 0 0 1 4 0 1 33 33 1
10 4 4 10 1 1 0 0 0 0 2 4 0 0 37 37 1
9 4 4 10 1 1 0 0 0 0 2 4 1 0 38 38 1
9 4 4 9 1 1 0 0 0 0 1 5 1 1 33 33 1
10 4 4 10 1 1 0 0 0 0 0 0 0 0 30 30 1
10 4 4 10 1 1 0 0 0 0 1 2 0 0 31 31 1
10 4 4 10 1 1 0 0 0 0 0 3 0 0 33 33 1
10 4 4 10 1 1 0 0 0 0 1 4 0 1 33 33 1
10 4 4 10 1 1 0 0 0 0 2 4 0 0 37 37 1
9 4 4 10 1 1 0 0 0 0 2 4 1 0 38 38 1
9 4 4 9 1 1 0 0 0 0 1 5 1 1 33 33 1
10 4 4 10 1 1 0 0 0 0 0 0 0 0 30 30 1
10 4 4 10 1 1 0 0 0 0 2 0 0 0 45 45 1
10 4 4 9 1 1 0 0 0 0 3 0 1 0 43 43 1
10 4 4 8 1 1 0 0 0 0 3 0 1 0 45 45 1
10 4 4 8 1 1 0 0 0 0 3 0 1 0 46 46 1
10 4 4 8 1 1 0 0 0 0 4 0 1 0 48 48 1
10 4 4 8 1 1 0 0 0 0 4 0 1 0 52 52 1
10 4 4 8 1 1 0 0 0 0 4 0 1 0 50 50 1
10 4 4 8 1 1 0 0 0 0 4 1 0 1 47 47 1
10 3 4 8 1 1 0 0 0 0 2 0 0 0 50 50 1
10 3 4 8 1 1 0 0 0 0 4 0 0 0 48 48 1
10 3 4 8 1 1 0 0 0 0 4 0 0 0 50 50 1
10 3 4 8 1 1 0 0 0 0 4 1 1 0 52 52 1
10 3 4 8 1 1 0 0 0 0 4 1 1 1 53 53 1
10 3 4 8 1 1 0 0 0 0 3 3 1 0 52 52 1
10 4 4 10 1 1 0 0 0 0 0 0 0 0 30 30 -1
10 4 4 10 1 1 0 0 0 0 1 2 0 0 31 31 -1
10 4 4 9 1 1 0 0 0 0 0 2 0 1 25 25 -1
10 4 4 8 1 1 0 0 0 0 0 3 0 1 29 29 -1
10 4 4 8 1 1 0 0 0 0 0 3 0 1 25 25 -1
10 4 4 8 1 1 0 0 0 0 0 4 0 1 22 22 -1
10 4 4 8 1 1 0 0 0 0 0 3 0 1 28 28 -1
10 4 4 8 1 1 0 0 0 0 1 3 1 1 32 32 -1
10 4 4 8 1 1 0 0 0 0 1 3 1 0 32 32 -1
10 3 4 8 1 1 0 0 0 0 0 3 0 0 34 34 -1
10 3 4 8 1 1 0 0 0 0 0 4 0 0 28 28 -1
10 3 4 8 1 1 0 0 0 0 1 4 0 0 34 34 -1
10 3 4 8 1 1 0 0 0 0 1 3 1 1 32 32 -1
10 3 4 8 1 1 0 0 0 0 2 3 1 1 31 31 -1
9 3 4 8 1 1 0 0 0 0 3 3 0 1 0 0 -1